1.31	2.2856	F#M7(9)
2.2856	3.2612	Fm7
3.2612	4.2368	EM7(9)
4.2368	5.2124	Ebm7(9)
5.2124	6.188	Ebm7
6.188	7.1637	Fm7
7.1637	9.1149	N.C.
9.1149	10.0905	Ebm7(9)
10.0905	11.0661	Ebm7/Ab
11.0661	11.7978	Fm7
11.7978	13.0173	Bbm7(11)
13.0173	13.9929	Ebm7(9)
13.9929	14.9685	Ebm7/Ab
14.9685	15.7002	Fm7
15.7002	16.9198	Bb7(9)
16.9198	17.8954	Ebm7(9)
17.8954	18.871	Ebm7/Ab
18.871	19.6027	Fm7
19.6027	20.8222	Bbm7(11)
20.8222	21.7978	Ebm7(9)
21.7978	22.7734	Ebm7/Ab
22.7734	23.2612	Ebm7
23.2612	23.749	Fm7
23.749	24.7246	F#M7
24.7246	25.7002	Ebm7(9)
25.7002	26.6759	Ebm7/Ab
26.6759	27.4076	Fm7
27.4076	28.6271	Bbm7(11)
28.6271	29.6027	Ebm7(9)
29.6027	30.5783	Ebm7/Ab
30.5783	31.31	Fm7
31.31	32.5295	Bb7(9)
32.5295	33.5051	Ebm7(9)
33.5051	34.4807	Ebm7/Ab
34.4807	35.2124	Fm7
35.2124	36.432	Bbm7(11)
36.432	37.4076	Ebm7(9)
37.4076	38.3832	Ebm7/Ab
38.3832	40.3344	N.C.
40.3344	41.31	Ebm7(9)
41.31	42.2856	Ebm7/Ab
42.2856	43.0173	Fm7
43.0173	44.2368	Bbm7(11)
44.2368	45.2124	Ebm7(9)
45.2124	46.188	Ebm7/Ab
46.188	46.9198	Fm7
46.9198	48.1393	Bb7(9)
48.1393	49.1149	Ebm7(9)
49.1149	50.0905	Ebm7/Ab
50.0905	50.8222	Fm7
50.8222	52.0417	Bbm7(11)
52.0417	53.0173	Ebm7(9)
53.0173	53.9929	Ebm7/Ab
53.9929	54.9685	Fm7
54.9685	55.4563	F#M7/G#
55.4563	55.9441	Ebm/Ab
55.9441	56.9198	EM7
56.9198	57.6515	Ebm7
57.6515	59.8466	Ebm7/Ab
59.8466	60.5783	EM7
60.5783	61.31	Ebm7
61.31	63.749	Ebm7/Ab
63.749	64.4807	EM7
64.4807	65.4563	Ebm7
65.4563	66.432	Ebm7/Ab
66.432	67.6515	Gm7-5
67.6515	68.3832	Ebm7
68.3832	69.3588	Fm7
69.3588	71.31	F#/G#
71.31	72.5295	Ebm7(9)
72.5295	73.5051	Ebm7/Ab
73.5051	74.2368	Fm7
74.2368	75.4563	Bbm7(11)
75.4563	76.432	Ebm7(9)
76.432	77.4076	Ebm7/Ab
77.4076	77.8954	Fm7
77.8954	78.3832	Ebm7
78.3832	79.3588	Db
79.3588	80.3344	Ebm7(9)
80.3344	81.31	Ebm7/Ab
81.31	82.0417	Adim7
82.0417	83.2612	Bbm7
83.2612	84.2368	Ebm7
84.2368	85.2124	Fm7
85.2124	86.9198	F#M7
86.9198	88.1393	Ebm7(9)
88.1393	89.1149	Ebm7/Ab
89.1149	89.8466	Fm7
89.8466	91.0661	Bbm7(11)
91.0661	92.0417	Ebm7(9)
92.0417	93.0173	Ebm7/Ab
93.0173	93.749	Fm7
93.749	94.7246	Bbm7(11)
94.7246	95.7002	F#M7(9)
95.7002	96.6759	Fm7
96.6759	97.6515	EM7(9)
97.6515	98.871	Db/Eb
98.871	99.8466	Ebm7
99.8466	100.8222	Fm7
100.8222	102.7734	N.C.
102.7734	104.7246	Ebm7(9)
104.7246	106.6759	Ebm7/Ab
106.6759	108.6271	Fm7
108.6271	110.5783	Bbm7(11)
110.5783	112.5295	Ebm7(9)
112.5295	114.4807	Ebm7/Ab
114.4807	116.432	Fm7
116.432	118.3832	Bbm7(11)
118.3832	120.3344	Ebm7(9)
120.3344	122.2856	Ebm7/Ab
122.2856	124.2368	Fm7
124.2368	126.188	Bb7(9)
126.188	128.1393	Ebm7(9)
128.1393	130.0905	Ebm7/Ab
130.0905	132.0417	Fm7
132.0417	133.2612	N.C.
133.2612	133.749	Fm7(9)
133.749	133.9929	EM7(9)
133.9929	135.4563	Ebm7(9)
135.4563	135.9441	Abaug7
135.9441	136.6759	Fm7
136.6759	137.8954	Bbm7(11)
137.8954	139.3588	Ebm7(9)
139.3588	139.8466	Abaug7
139.8466	140.8222	Fm7
140.8222	141.31	Fm7/Bb
141.31	141.7978	Bb7(9)
141.7978	143.2612	Ebm7(9)
143.2612	143.749	Abaug7
143.749	144.7246	Fm7
144.7246	145.7002	Bbm7(11)
145.7002	146.6759	Ebm7
146.6759	147.6515	Fm7
147.6515	148.871	F#M7
148.871	149.1149	Ebm7
149.1149	149.6027	Fm7
149.6027	150.5783	EM7
150.5783	151.31	Ebm7
151.31	153.5051	Ebm7/Ab
153.5051	154.2368	EM7
154.2368	154.9685	Ebm7
154.9685	157.4076	Ebm7/Ab
157.4076	158.1393	EM7
158.1393	159.1149	Ebm7
159.1149	160.0905	Ebm7/Ab
160.0905	161.31	Gm7-5
161.31	162.0417	Ebm7
162.0417	163.0173	Fm7
163.0173	163.9929	F#/G#
163.9929	164.9685	E7(9)
164.9685	166.188	Ebm7(9)
166.188	167.1637	Ebm7/Ab
167.1637	167.8954	Fm7
167.8954	169.1149	Bbm7(11)
169.1149	170.0905	Ebm7(9)
170.0905	171.0661	Ebm7/Ab
171.0661	171.5539	Fm7
171.5539	172.0417	Ebm7
172.0417	173.0173	Db
173.0173	173.9929	Ebm7(9)
173.9929	174.9685	Ebm7/Ab
174.9685	175.7002	Adim7
175.7002	176.9198	Bbm7
176.9198	177.8954	Ebm7
177.8954	178.871	Fm7
178.871	180.5783	F#M7
180.5783	181.7978	Ebm7(9)
181.7978	182.7734	Ebm7/Ab
182.7734	183.5051	Fm7
183.5051	184.7246	Bbm7(11)
184.7246	185.7002	Ebm7(9)
185.7002	186.6759	Ebm7/Ab
186.6759	187.4076	Fm7
187.4076	188.3832	Bbm7(11)
188.3832	189.3588	F#M7(9)
189.3588	190.3344	Fm7
190.3344	191.5539	EM7(9)
191.5539	192.5295	Db/Eb
192.5295	193.5051	Ebm7
193.5051	194.4807	Fm7
194.4807	196.188	N.C.
196.188	197.1637	Ebm7(9)
197.1637	198.3832	Ebm7/Ab
198.3832	199.1149	Fm7
199.1149	200.3344	Bbm7(11)
200.3344	202.0417	BM7(9)
202.0417	202.5295	F#m7
202.5295	203.0173	Fm7/Bb
203.0173	203.5051	Ebm7/Ab
203.5051	203.9929	Fm7/Bb
203.9929	204.9685	Gm7-5
204.9685	205.9441	Fm7
205.9441	206.9198	EM7(9)
206.9198	208.1393	Db/Eb
208.1393	209.1149	Ebm7
209.1149	210.0905	Fm7
210.0905	212.0417	N.C.
212.0417	213.0173	Ebm7(9)
213.0173	213.9929	Ebm7/Ab
213.9929	214.7246	Fm7
214.7246	215.9441	Bbm7(11)
215.9441	216.9198	Ebm7(9)
216.9198	217.8954	Ebm7/Ab
217.8954	218.6271	Fm7
218.6271	219.8466	Bb7(9)
219.8466	220.8222	Ebm7(9)
220.8222	221.7978	Ebm7/Ab
221.7978	222.5295	Fm7
222.5295	223.749	Bbm7(11)
223.749	224.7246	Ebm7(9)
224.7246	225.7002	Ebm7/Ab
225.7002	226.188	Ebm7
226.188	226.6759	Fm7
226.6759	227.6515	F#M7
227.6515	228.6271	F#M7(9)
228.6271	229.6027	Fm7
229.6027	230.5783	EM7(9)
230.5783	231.7978	Ebm7(9)
231.7978	235.7002	DM7
235.7002	241.31	DbM7(9)
241.31	244.2368	N.C.
